1 0.1996253943217666 0.7121451104100945 0.03548895899053626 0.140378548895899
1 0.24043769716088328 0.7042586750788644 0.031940063091482646 0.13406940063091477
0 0.4205441640378549 0.8343848580441641 0.10291798107255516 0.22397476340693998
0 0.546086356466877 0.9558359621451104 0.11090299684542579 0.0883280757097792
0 0.44937894321766564 0.529968454258675 0.039925078864353265 0.1072555205047319
0 0.46756703470031546 0.3824921135646687 0.03726340694006311 0.045741324921135626
0 0.46046924290220814 0.3186119873817035 0.02661671924290225 0.0694006309148265
0 0.5030559936908517 0.3138801261829653 0.04436119873817042 0.12933753943217663
1 0.5709286277602524 0.3911671924290221 0.013308359621451089 0.08517350157728706
1 0.6095228706624606 0.3856466876971609 0.0319400630914825 0.05520504731861195
1 0.3912657728706625 0.2902208201892745 0.024842271293375403 0.07570977917981075
