0 0.424980283911672 0.8998422712933754 0.10114353312302832 0.2003154574132492
0 0.5252365930599369 0.6947949526813879 0.06388012618296529 0.16246056782334384
0 0.5150335173501578 0.4503154574132492 0.04169952681388011 0.0867507886435331
0 0.46401813880126186 0.4235015772870663 0.03726340694006311 0.07728706624605679
0 0.4671234227129338 0.3462145110410095 0.032827287066246026 0.04889589905362783
0 0.45692034700315454 0.27917981072555204 0.024842271293375403 0.03785488958990534
0 0.48752957413249215 0.2555205047318612 0.043473974763406885 0.08517350157728704
0 0.44272476340694006 0.25236593059936907 0.02306782334384863 0.041009463722397506
1 0.38904771293375395 0.2981072555205047 0.023955047318611946 0.05362776025236595
1 0.5673797318611987 0.3824921135646687 0.015082807570977933 0.08044164037854891
1 0.6015378548895899 0.40457413249211355 0.030165615141955867 0.07728706624605679
