0 0.4365141955835962 0.720820189274448 0.056782334384858045 0.1514195583596215
0 0.5172515772870664 0.5804416403785488 0.053233438485804425 0.11356466876971616
0 0.5137026813880127 0.4116719242902208 0.03726340694006311 0.053627760252365916
0 0.4649053627760253 0.38564668769716093 0.03371451104100949 0.04889589905362776
0 0.4688978706624606 0.3304416403785489 0.023955047318611946 0.04574132492113567
0 0.45159700315457413 0.2665615141955836 0.021293375394321714 0.022082018927444765
0 0.4400630914826499 0.24132492113564666 0.021293375394321787 0.025236593059936894
1 0.38771687697160884 0.29337539432176657 0.019518927444795012 0.05678233438485801
1 0.570041403785489 0.39274447949526814 0.01685725552050478 0.06309148264984231
1 0.6028686908517351 0.4014195583596215 0.022180599369085244 0.0709779179810726
0 0.4924093059936909 0.25946372239747634 0.024842271293375476 0.08359621451104104
