1 0.1801064668769716 0.7618296529968454 0.04436119873817033 0.12933753943217652
0 0.5176951892744479 0.5425867507886436 0.05589511041009459 0.12302839116719248
0 0.4591384069400631 0.4984227129337539 0.047022870662460574 0.10094637223974764
0 0.5318907728706626 0.9511041009463722 0.11090299684542593 0.09779179810725552
1 0.5744775236593059 0.38880126182965297 0.02927839116719241 0.0867507886435331
1 0.6068611987381703 0.39274447949526814 0.014195583596214548 0.07570977917981075
1 0.3899349369085174 0.28943217665615145 0.036376182965299646 0.08044164037854888
0 0.46401813880126186 0.39037854889589907 0.04791009463722404 0.0709779179810726
0 0.4618000788643533 0.3099369085173502 0.03460173501577295 0.03627760252365931
0 0.45204061514195587 0.2649842271293375 0.02572949526813879 0.03470031545741332
0 0.4972890378548896 0.2744479495268139 0.036376182965299646 0.09463722397476339
