0 0.5185824132492114 0.5512618296529969 0.05589511041009466 0.12145110410094631
0 0.4573639589905363 0.5031545741324921 0.04169952681388011 0.09148264984227134
0 0.46623619873817035 0.3982649842271293 0.039925078864353265 0.061514195583596276
1 0.180993690851735 0.750788643533123 0.03371451104100945 0.1419558359621452
0 0.46446175078864355 0.3099369085173501 0.027503943217665566 0.026813880126182923
0 0.4946273659305994 0.2854889589905363 0.043473974763406954 0.07886435331230285
0 0.4547022870662461 0.2697160883280757 0.02218059936908517 0.04731861198738173
1 0.3868296529968454 0.29652996845425866 0.028391167192429023 0.08517350157728706
1 0.5691541798107255 0.38880126182965297 0.023955047318611946 0.10883280757097794
1 0.6081920347003155 0.39668769716088326 0.031052839116719327 0.08359621451104104
