0 0.5318907728706624 0.8982649842271294 0.09670741324921138 0.20347003154574125
0 0.5172515772870662 0.5141955835962144 0.049684542586750736 0.11671924290220823
0 0.45780757097791797 0.47555205047318616 0.04791009463722404 0.07728706624605679
0 0.4657925867507886 0.3714511041009463 0.03726340694006311 0.06466876971608833
0 0.4582511829652997 0.306782334384858 0.02927839116719241 0.048895899053627685
0 0.45204061514195587 0.2610410094637224 0.0328272870662461 0.04889589905362776
0 0.49196569400630913 0.2697160883280757 0.03992507886435334 0.09779179810725555
1 0.17921924290220823 0.7736593059936908 0.056782334384858066 0.1182965299684544
1 0.570041403785489 0.38801261829653 0.018631703470031555 0.08201892744479501
1 0.6068611987381703 0.39905362776025244 0.028391167192429095 0.07570977917981075
1 0.3912657728706625 0.2941640378548896 0.024842271293375403 0.08990536277602519
