0 0.534108832807571 0.8264984227129338 0.0922712933753943 0.20189274447949515
0 0.44050670347003157 0.6869085173501577 0.07896293375394321 0.15615141955835965
0 0.45292783911671924 0.48186119873817035 0.047022870662460574 0.11829652996845424
0 0.4671234227129338 0.36041009463722395 0.029278391167192483 0.07413249211356472
0 0.4555895110410095 0.30126182965299686 0.04169952681388011 0.04731861198738173
0 0.5043868296529969 0.30599369085173506 0.05412066246056788 0.11356466876971613
1 0.5762519716088328 0.39274447949526814 0.027503943217665566 0.0883280757097792
1 0.6081920347003155 0.3943217665615142 0.02218059936908517 0.06940063091482657
1 0.19518927444794953 0.7152996845425866 0.03371451104100949 0.13406940063091483
1 0.23378351735015776 0.7287066246056781 0.029278391167192445 0.1577287066246056
1 0.38727326498422715 0.2941640378548896 0.020406151419558326 0.0930599369085174
