1 0.18853509463722395 0.7413249211356466 0.03282728706624607 0.13880126182965286
1 0.22358044164037857 0.7389589905362776 0.014195583596214511 0.15299684542586747
0 0.45425867507886436 0.5583596214511042 0.049684542586750806 0.11987381703470035
0 0.5239057570977919 0.6317034700315457 0.05944400630914821 0.12460567823343843
0 0.4569203470031546 0.43059936908517343 0.04791009463722396 0.053627760252365916
0 0.465348974763407 0.32965299684542587 0.027503943217665635 0.041009463722397436
0 0.4547022870662461 0.27917981072555204 0.02218059936908517 0.03785488958990534
0 0.49817626182965297 0.27602523659305994 0.03815063091482649 0.07255520504731862
1 0.38771687697160884 0.2925867507886435 0.017744479495268167 0.06151419558359621
1 0.570041403785489 0.3864353312302839 0.018631703470031555 0.07570977917981075
1 0.6068611987381705 0.3919558359621451 0.021293375394321714 0.06151419558359621
