0 0.5292291009463723 0.6829652996845426 0.054120662460567744 0.14511041009463718
0 0.4524842271293375 0.5954258675078864 0.04613564668769712 0.11829652996845424
0 0.46046924290220814 0.4416403785488959 0.03548895899053626 0.07570977917981075
0 0.4657925867507886 0.3383280757097792 0.030165615141955798 0.04574132492113567
0 0.49329652996845424 0.29258675078864355 0.035488958990536335 0.09621451104100949
0 0.45470228706624605 0.2870662460567824 0.023955047318611946 0.0441640378548896
1 0.19430205047318608 0.7444794952681388 0.03371451104100945 0.1356466876971608
1 0.23644518927444794 0.7539432176656152 0.03282728706624607 0.15772870662460575
1 0.3899349369085174 0.2949526813880126 0.02572949526813872 0.06624605678233443
1 0.5678233438485805 0.38958990536277605 0.01951892744479494 0.09463722397476346
1 0.6081920347003155 0.38958990536277605 0.016857255520504707 0.0883280757097792
