0 0.41921332807570977 0.9164037854889591 0.09315851735015776 0.16719242902208195
0 0.5247929810725551 0.7279179810725551 0.0878351735015773 0.1782334384858045
0 0.5110410094637224 0.4621451104100946 0.042586750788643574 0.09779179810725559
1 0.5709286277602524 0.38880126182965297 0.027503943217665708 0.0867507886435331
1 0.6055303627760252 0.41088328075709785 0.025729495268138863 0.07413249211356465
0 0.4635745268138801 0.4274447949526814 0.039925078864353265 0.06624605678233443
0 0.4759956624605678 0.34936908517350157 0.05944400630914821 0.05205047318611989
0 0.45736395899053633 0.28785488958990535 0.027503943217665566 0.03627760252365931
0 0.48531151419558355 0.25473186119873814 0.04081230283911672 0.09936908517350158
0 0.4453864353312303 0.24763406940063093 0.031940063091482646 0.04100946372239747
1 0.38549881703470035 0.3004731861198738 0.02572949526813879 0.05835962145110411
