0 0.5420938485804416 0.9384858044164038 0.11888801261829648 0.12302839116719241
0 0.519026025236593 0.5370662460567823 0.053233438485804356 0.10252365930599375
0 0.45825118296529965 0.4850157728706625 0.05057176656151419 0.08675078864353324
0 0.4635745268138801 0.3848580441640378 0.039925078864353265 0.07255520504731855
0 0.4618000788643533 0.30362776025236593 0.029278391167192483 0.0425867507886435
0 0.4511533911671924 0.2634069400630915 0.027503943217665566 0.041009463722397506
0 0.4959582018927445 0.2807570977917981 0.04436119873817034 0.10725552050473183
1 0.1672417192429022 0.7602523659305993 0.06831624605678231 0.11671924290220816
1 0.3886041009463723 0.2862776025236593 0.017744479495268094 0.048895899053627796
1 0.5642744479495269 0.3753943217665615 0.028391167192429095 0.07570977917981069
1 0.6015378548895899 0.3809148264984228 0.017744479495268167 0.10883280757097787
