0 0.4289727917981072 0.8493690851735016 0.09315851735015769 0.24132492113564666
0 0.45780757097791797 0.47160883280757093 0.05145899053627758 0.10094637223974764
0 0.46002563091482657 0.3785488958990536 0.04524842271293373 0.11356466876971609
0 0.5083793375394322 0.3477917981072555 0.05855678233438489 0.16561514195583593
1 0.22091876971608834 0.6553627760252365 0.026616719242902213 0.14984227129337527
1 0.25729495268138797 0.6506309148264984 0.03903785488958991 0.1372239747634068
0 0.04746648264984227 0.5512618296529969 0.09138406940063092 0.1687697160883281
1 0.5727030757097792 0.38880126182965297 0.02395504731861202 0.07728706624605679
1 0.3841679810725552 0.25630914826498424 0.005323343848580393 0.007886435331230289
1 0.37307768138801267 0.2555205047318612 0.002661671924290232 0.009463722397476353
1 0.39437105678233436 0.29337539432176657 0.0346017350157728 0.05362776025236595
