1 0.18498619873817035 0.7791798107255521 0.03460173501577288 0.19558359621451105
1 0.5731466876971609 0.39037854889589907 0.028391167192429095 0.08359621451104098
1 0.605973974763407 0.38801261829652994 0.03371451104100956 0.10725552050473183
0 0.535439668769716 0.8430599369085173 0.10380520504731869 0.22555205047318622
0 0.5194696372239749 0.49369085173501576 0.04702287066246065 0.09779179810725544
0 0.4569203470031546 0.4597791798107255 0.053233438485804425 0.0678233438485804
0 0.46845425867507884 0.3675078864353313 0.03548895899053626 0.06309148264984224
0 0.4613564668769716 0.2981072555205047 0.026616719242902178 0.041009463722397506
0 0.4524842271293376 0.2531545741324921 0.030165615141955798 0.03312302839116718
0 0.4928529179810725 0.2728706624605678 0.03637618296529972 0.0914826498422713
1 0.3868296529968454 0.2917981072555205 0.028391167192429023 0.06940063091482652
