0 0.529672712933754 0.8067823343848581 0.09049684542586753 0.19716088328075712
0 0.5172515772870664 0.4779179810725552 0.046135646687697186 0.09148264984227125
1 0.17567034700315456 0.7823343848580442 0.031940063091482646 0.0820189274447948
1 0.3912657728706625 0.2941640378548896 0.028391167192428953 0.06782334384858046
1 0.5695977917981072 0.3911671924290221 0.024842271293375476 0.07570977917981075
1 0.6019814668769716 0.4037854889589906 0.023955047318612088 0.09779179810725559
0 0.46224369085173506 0.44242902208201895 0.03726340694006303 0.08359621451104098
0 0.46756703470031546 0.3635646687697161 0.033714511041009414 0.07097791798107252
0 0.45780757097791797 0.28943217665615145 0.021293375394321856 0.026813880126182958
0 0.4489353312302839 0.25473186119873814 0.024842271293375403 0.045741324921135626
0 0.48974763406940064 0.2618296529968454 0.03903785488958988 0.08201892744479497
