1 0.5607255520504733 0.38801261829653 0.03548895899053626 0.08201892744479501
1 0.6024250788643534 0.3990536277602523 0.02661671924290225 0.085173501577287
1 0.39037854889589907 0.2917981072555205 0.014195583596214548 0.07255520504731862
0 0.42364944794952686 0.8880126182965299 0.08960962145110414 0.2239747634069401
0 0.5230185331230284 0.6719242902208202 0.06654179810725552 0.12933753943217666
0 0.5154771293375394 0.4479495268138801 0.04081230283911672 0.0883280757097792
0 0.46490536277602523 0.4250788643533123 0.035488958990536335 0.05205047318611989
0 0.46756703470031546 0.34700315457413244 0.028391167192429095 0.06309148264984227
0 0.4573639589905363 0.28391167192429023 0.025729495268138863 0.02523659305993693
0 0.4498225552050474 0.24921135646687698 0.02661671924290225 0.03785488958990534
0 0.4857551261829653 0.25946372239747634 0.03282728706624617 0.09305993690851733
