0 0.4409503154574132 0.7988958990536278 0.06920347003154567 0.20662460567823346
0 0.5633872239747634 0.9305993690851736 0.1472791798107255 0.138801261829653
1 0.20228706624605677 0.7247634069400629 0.03548895899053626 0.12460567823343852
1 0.24132492113564669 0.7074132492113566 0.03903785488958988 0.12460567823343852
0 0.44583004731861203 0.5205047318611987 0.05412066246056781 0.10725552050473183
0 0.465348974763407 0.37381703470031546 0.0328272870662461 0.059936908517350104
0 0.46046924290220814 0.3154574132492114 0.02661671924290225 0.05678233438485808
1 0.38771687697160884 0.2870662460567823 0.019518927444795012 0.053627760252365916
1 0.5678233438485805 0.39274447949526814 0.02306782334384863 0.0788643533123028
1 0.6068611987381703 0.38801261829653 0.024842271293375403 0.0694006309148265
0 0.49728903785488954 0.30283911671924296 0.043473974763406954 0.12302839116719244
