0 0.44139392744479494 0.8012618296529967 0.05944400630914828 0.2018927444794953
0 0.5194696372239748 0.6340694006309149 0.05589511041009459 0.12618296529968462
0 0.5137026813880127 0.43138801261829657 0.03726340694006311 0.09305993690851735
0 0.4635745268138801 0.4077287066246057 0.0346017350157728 0.07097791798107252
0 0.46845425867507884 0.33123028391167186 0.024842271293375403 0.05678233438485801
0 0.48619873817034703 0.250788643533123 0.04258675078864364 0.0914826498422713
0 0.45514589905362773 0.27365930599369087 0.021293375394321856 0.03943217665615148
0 0.4409503154574132 0.24684542586750788 0.030165615141955798 0.04258675078864353
1 0.3846115930599369 0.30047318611987384 0.02572949526813879 0.09621451104100949
1 0.574477523659306 0.387223974763407 0.00975946372239747 0.08359621451104104
1 0.6006506309148265 0.4022082018927445 0.01951892744479487 0.06624605678233436
