0 0.5345524447949527 0.7949526813880127 0.09315851735015762 0.21135646687697146
0 0.4453864353312303 0.669558359621451 0.06565457413249205 0.14037854889589896
0 0.4586947949526814 0.4747634069400631 0.04081230283911672 0.12302839116719248
0 0.4631309148264984 0.3446372239747634 0.031940063091482715 0.05835962145110411
0 0.45780757097791797 0.29731861198738174 0.03726340694006311 0.04889589905362772
0 0.4964018138801262 0.3004731861198738 0.04524842271293373 0.1088328075709779
1 0.19385843848580442 0.7326498422712934 0.03637618296529972 0.13722397476340703
1 0.23112184542586753 0.7429022082018928 0.029278391167192445 0.16403785488958988
1 0.3899349369085174 0.2941640378548896 0.020406151419558257 0.048895899053627796
1 0.5673797318611987 0.3990536277602523 0.025729495268138863 0.08201892744479494
1 0.616177050473186 0.4022082018927445 0.036376182965299646 0.11356466876971609
