0 0.4240930599369085 0.9093059936908517 0.11888801261829655 0.18138801261829657
0 0.44228115141955837 0.5662460567823344 0.054120662460567744 0.12302839116719241
0 0.46446175078864355 0.39589905362776023 0.04169952681388011 0.08517350157728706
0 0.4613564668769716 0.32807570977917977 0.03548895899053626 0.06309148264984224
0 0.5003943217665615 0.31309148264984227 0.0425867507886435 0.11829652996845433
1 0.5691541798107256 0.3832807570977918 0.02218059936908517 0.0883280757097792
1 0.6068611987381705 0.3911671924290221 0.021293375394321714 0.0883280757097792
1 0.2045051261829653 0.693217665615142 0.038150630914826456 0.12460567823343843
1 0.24309936908517352 0.6813880126182965 0.026616719242902178 0.10094637223974764
1 0.39037854889589907 0.29337539432176657 0.021293375394321714 0.05678233438485801
