1 0.38771687697160884 0.29731861198738174 0.01597003154574125 0.05835962145110415
1 0.6002070189274449 0.39589905362776023 0.02572949526813872 0.09463722397476339
1 0.5713722397476342 0.39274447949526814 0.021293375394321787 0.0788643533123028
0 0.4356269716088328 0.7452681388012619 0.0656545741324922 0.16246056782334378
0 0.5203568611987381 0.5938485804416404 0.06121845425867505 0.11514195583596205
0 0.5105973974763407 0.4171924290220821 0.032827287066246026 0.08990536277602523
0 0.46446175078864355 0.39274447949526814 0.04169952681388011 0.06624605678233443
0 0.4693414826498423 0.3217665615141956 0.02661671924290225 0.05047318611987379
0 0.4875295741324922 0.25630914826498424 0.03460173501577295 0.0709779179810726
0 0.4400630914826498 0.23738170347003154 0.014195583596214477 0.029968454258675052
0 0.4555895110410095 0.2689274447949527 0.023955047318611946 0.020504731861198736
