0 0.4196569400630915 0.9621451104100948 0.09227129337539437 0.07570977917981069
0 0.43961947949526814 0.6025236593059937 0.0576695583596215 0.13880126182965305
0 0.4618000788643533 0.40063091482649843 0.029278391167192483 0.07570977917981069
0 0.4569203470031546 0.34069400630914826 0.03371451104100949 0.07570977917981071
0 0.5074921135646688 0.3430599369085174 0.05500788643533127 0.1498422712933754
1 0.21071569400630913 0.7003154574132492 0.03105283911671922 0.12618296529968454
1 0.24354298107255523 0.6916403785488958 0.03282728706624607 0.10883280757097787
1 0.565605283911672 0.39747634069400634 0.022180599369085244 0.10094637223974764
1 0.6037559148264984 0.3919558359621451 0.02395504731861202 0.07413249211356472
1 0.3868296529968454 0.29337539432176657 0.021293375394321787 0.05678233438485801
