0 0.421875 0.9313880126182965 0.08783517350157738 0.13722397476340703
0 0.4444992113564669 0.5859621451104101 0.05145899053627758 0.1403785488958991
0 0.4649053627760253 0.3943217665615142 0.028391167192429023 0.06940063091482657
0 0.4618000788643533 0.33201892744479494 0.029278391167192483 0.06782334384858046
0 0.5026097567804677 0.3185839882030127 0.042523752636589196 0.11106340880667499
1 0.5713827394396431 0.39044854684262587 0.013124615011292917 0.05879827525059263
1 0.6062942153696825 0.390448546842626 0.014699568812648067 0.06813133481417878
1 0.3973926764814898 0.3106575540450812 0.03524896603032971 0.0933305956358613
1 0.21027316532048387 0.690646407705374 0.026999208023231313 0.127996245443467
1 0.23952230734565116 0.6859798779235808 0.02549925202194068 0.12132977432661982
