1 0.18232452681388012 0.7626182965299685 0.03282728706624607 0.10252365930599368
1 0.5695977917981073 0.38958990536277605 0.017744479495268167 0.06624605678233436
1 0.6050867507886436 0.3911671924290221 0.017744479495268094 0.08517350157728706
1 0.3899349369085174 0.29574132492113564 0.02927839116719241 0.07728706624605675
0 0.5234621451104101 0.5733438485804416 0.056782334384858114 0.11198738170346999
0 0.45825118296529965 0.5205047318611987 0.04879731861198742 0.10725552050473183
0 0.4618000788643533 0.40141955835962145 0.03815063091482649 0.08359621451104104
0 0.4635745268138801 0.3225552050473186 0.023955047318611946 0.0394321766561514
0 0.4915220820189275 0.28391167192429023 0.039037854889589954 0.0883280757097792
0 0.45780757097791797 0.2712933753943218 0.024842271293375403 0.03785488958990541
