0 0.4365141955835962 0.7847003154574134 0.08517350157728706 0.20031545741324933
0 0.5212440851735016 0.611198738170347 0.05234621451104097 0.09936908517350168
0 0.5092665615141957 0.4305993690851735 0.03371451104100949 0.09463722397476346
0 0.465348974763407 0.38958990536277605 0.045248422712933806 0.07886435331230288
0 0.46490536277602523 0.33123028391167186 0.035488958990536335 0.05678233438485801
0 0.45292783911671924 0.2728706624605678 0.018631703470031482 0.028391167192429023
0 0.4431683753943218 0.24290220820189276 0.016857255520504707 0.03154574132492112
0 0.4857551261829653 0.25946372239747634 0.02572949526813879 0.06782334384858046
1 0.6006506309148265 0.4006309148264984 0.014195583596214405 0.0694006309148265
1 0.5731466876971609 0.39511041009463727 0.024842271293375403 0.06782334384858046
1 0.3899349369085174 0.29574132492113564 0.016857255520504707 0.06466876971608833
