0 0.5349960567823344 0.9156151419558359 0.09936908517350161 0.16876971608832803
0 0.5176951892744479 0.5205047318611987 0.04879731861198735 0.11356466876971609
0 0.4649053627760253 0.4763406940063092 0.0425867507886435 0.1072555205047319
0 0.465348974763407 0.38170347003154576 0.0328272870662461 0.07570977917981069
0 0.4591384069400631 0.30599369085173506 0.031052839116719185 0.059936908517350174
0 0.45425867507886436 0.2618296529968454 0.021293375394321714 0.0441640378548896
0 0.48886041009463727 0.26813880126182965 0.0425867507886435 0.08201892744479497
1 0.1778884069400631 0.7823343848580442 0.02395504731861202 0.138801261829653
1 0.38860410094637227 0.29100946372239744 0.024842271293375403 0.0646687697160883
1 0.565605283911672 0.3982649842271293 0.027503943217665566 0.09936908517350154
1 0.6033123028391167 0.387223974763407 0.01951892744479487 0.08359621451104104
