1 0.19164037854889593 0.7310725552050473 0.0354889589905363 0.165615141955836
1 0.23777602523659305 0.7365930599369085 0.04258675078864353 0.15457413249211358
0 0.5256802050473186 0.725552050473186 0.07541403785488952 0.170347003154574
0 0.4444992113564669 0.6261829652996844 0.06920347003154576 0.12933753943217674
0 0.4613564668769716 0.4613564668769716 0.05145899053627758 0.08990536277602516
0 0.46490536277602523 0.34700315457413244 0.035488958990536335 0.06309148264984227
0 0.4573639589905363 0.2902208201892745 0.025729495268138863 0.05047318611987379
0 0.4959582018927445 0.3020504731861199 0.04791009463722404 0.11198738170347003
1 0.565605283911672 0.39037854889589907 0.029278391167192483 0.0709779179810726
1 0.6112973186119873 0.3919558359621451 0.021293375394321787 0.0867507886435331
1 0.3850552050473186 0.29652996845425866 0.03371451104100949 0.06309148264984227
