1 0.18232452681388012 0.7539432176656152 0.038150630914826456 0.11987381703470035
1 0.22446766561514195 0.7452681388012619 0.031940063091482646 0.11198738170346999
0 0.45425867507886436 0.5386435331230284 0.056782334384858045 0.12145110410094638
0 0.5230185331230284 0.6048895899053628 0.05412066246056781 0.12776025236593058
1 0.5695977917981072 0.3911671924290221 0.024842271293375476 0.07886435331230288
1 0.6033123028391167 0.4006309148264984 0.021293375394321856 0.08201892744479494
0 0.45603312302839116 0.40930599369085174 0.046135646687697186 0.09305993690851729
0 0.4631309148264984 0.3272870662460568 0.024842271293375334 0.045741324921135626
0 0.4964018138801262 0.28785488958990535 0.03815063091482649 0.09305993690851733
0 0.45603312302839116 0.2705047318611987 0.031940063091482646 0.05205047318611989
1 0.38860410094637227 0.28943217665615145 0.010646687697160928 0.055205047318612054
