1 0.2080540220820189 0.6995268138801262 0.02040615141955836 0.10252365930599368
1 0.23999408517350163 0.6876971608832808 0.027503943217665673 0.10094637223974764
0 0.43119085173501576 0.891955835962145 0.08872239747634068 0.21608832807570977
0 0.44716088328075715 0.5630914826498423 0.053233438485804425 0.12302839116719248
0 0.46401813880126186 0.3856466876971609 0.04081230283911665 0.05520504731861195
0 0.4595820189274448 0.3272870662460568 0.028391167192429023 0.0709779179810726
0 0.49995070977917977 0.31309148264984227 0.043473974763406954 0.11829652996845433
1 0.5731466876971609 0.38564668769716093 0.017744479495268167 0.08044164037854891
1 0.39170938485804413 0.29574132492113564 0.02218059936908517 0.07728706624605675
1 0.605973974763407 0.3856466876971609 0.02306782334384863 0.05205047318611989
