0 0.5341088328075709 0.831230283911672 0.07275236593059944 0.20504731861198736
0 0.5190260252365931 0.48974763406940064 0.06210567823343844 0.11829652996845424
0 0.45780757097791797 0.4487381703470031 0.04791009463722404 0.1056782334384858
0 0.47067231861198733 0.35646687697160884 0.04702287066246065 0.056782334384858045
0 0.46046924290220814 0.2925867507886435 0.02661671924290225 0.026813880126182958
0 0.48797318611987395 0.2586750788643533 0.039037854889589954 0.07255520504731859
0 0.45026616719242896 0.25315457413249215 0.032827287066246026 0.04258675078864353
1 0.3908221608832808 0.28785488958990535 0.02218059936908517 0.055205047318611984
1 0.18276813880126183 0.7791798107255521 0.04613564668769715 0.15457413249211358
1 0.5642744479495269 0.3753943217665615 0.028391167192429095 0.0788643533123028
1 0.5984325709779179 0.39668769716088326 0.02395504731861202 0.0867507886435331
