1 0.5709286277602523 0.38328075709779186 0.020406151419558257 0.0788643533123028
1 0.6010942429022083 0.39747634069400634 0.02572949526813879 0.06940063091482643
1 0.38727326498422715 0.2886435331230284 0.011533911671924316 0.047318611987381694
0 0.42453667192429023 0.9345425867507887 0.09670741324921138 0.13091482649842262
0 0.5256802050473186 0.749211356466877 0.07896293375394321 0.16088328075709782
0 0.5145899053627762 0.4668769716088328 0.04791009463722396 0.09463722397476346
0 0.4635745268138801 0.43296529968454256 0.039925078864353265 0.08359621451104104
0 0.4680106466876971 0.34542586750788645 0.03637618296529972 0.06624605678233436
0 0.45958201892744477 0.28391167192429023 0.030165615141955867 0.03470031545741328
0 0.48930402208201895 0.26261829652996843 0.04169952681388004 0.08044164037854888
0 0.4511533911671924 0.24447949526813878 0.020406151419558326 0.041009463722397506
