0 0.42719834384858046 0.8722397476340694 0.07896293375394314 0.25552050473186116
0 0.44804810725552047 0.5457413249211356 0.05145899053627765 0.1072555205047319
0 0.46446175078864355 0.3840694006309148 0.036376182965299646 0.07413249211356465
0 0.4609128548895899 0.31782334384858046 0.031052839116719255 0.07728706624605682
0 0.4995070977917981 0.3154574132492114 0.03903785488958988 0.11356466876971613
1 0.5678233438485804 0.39353312302839116 0.026616719242902178 0.08675078864353317
1 0.6099664826498423 0.3824921135646688 0.015082807570977933 0.06782334384858046
1 0.2036179022082019 0.7089905362776026 0.03815063091482649 0.09305993690851735
1 0.24221214511041012 0.7018927444794953 0.030165615141955832 0.10410094637223978
1 0.3841679810725552 0.2981072555205047 0.028391167192429023 0.05362776025236595
