0 0.43917586750788645 0.7673501577287066 0.07452681388012614 0.22870662460567814
0 0.5434246845425867 0.9132492113564669 0.10735410094637224 0.17350157728706633
0 0.45514589905362773 0.5205047318611987 0.042586750788643574 0.11671924290220816
0 0.46490536277602523 0.3675078864353313 0.031940063091482646 0.06624605678233443
0 0.4582511829652997 0.305993690851735 0.02927839116719241 0.056782334384858045
0 0.49995070977917977 0.3075709779179811 0.043473974763406954 0.11041009463722404
1 0.20006900630914828 0.7050473186119873 0.02572949526813879 0.10725552050473183
1 0.2306782334384858 0.7042586750788644 0.0354889589905363 0.10567823343848587
1 0.3868296529968454 0.2886435331230284 0.017744479495268167 0.059936908517350174
1 0.5762519716088328 0.3919558359621451 0.02572949526813879 0.07728706624605679
1 0.6090792586750788 0.39037854889589907 0.01685725552050478 0.06782334384858046
