0 0.5261238170347003 0.6506309148264984 0.07275236593059936 0.1277602523659305
0 0.45647673501577285 0.5670347003154574 0.05234621451104104 0.1056782334384858
0 0.4569203470031546 0.4495268138801262 0.056782334384858045 0.09779179810725552
0 0.4600256309148265 0.333596214511041 0.02927839116719241 0.052050473186119856
0 0.45337145110410093 0.2862776025236593 0.028391167192429023 0.055205047318611984
0 0.49507097791798105 0.28470031545741326 0.039037854889589954 0.1025236593059937
1 0.5731466876971609 0.39037854889589907 0.019518927444795012 0.07413249211356465
1 0.6086356466876972 0.3919558359621451 0.024842271293375334 0.07413249211356472
1 0.18276813880126183 0.7436908517350157 0.04613564668769715 0.16246056782334392
1 0.22668572555205047 0.7578864353312303 0.031052839116719255 0.20977917981072536
1 0.39304022082018925 0.2933753943217666 0.024842271293375403 0.04100946372239754
