1 0.19385843848580442 0.7358044164037856 0.03815063091482653 0.13722397476340703
1 0.23644518927444796 0.7342271293375394 0.03815063091482649 0.1561514195583595
0 0.5287854889589905 0.752365930599369 0.056782334384858045 0.17981072555205047
0 0.4409503154574132 0.6656151419558359 0.08517350157728706 0.14195583596214512
0 0.45825118296529965 0.4668769716088328 0.05766955835962143 0.10410094637223978
0 0.4671234227129338 0.35252365930599366 0.03637618296529972 0.06151419558359621
0 0.45825118296529965 0.29337539432176657 0.031052839116719255 0.0441640378548896
0 0.4959582018927445 0.29258675078864355 0.042586750788643574 0.12145110410094638
1 0.5691541798107255 0.3919558359621451 0.02927839116719241 0.0867507886435331
1 0.6081920347003155 0.38958990536277605 0.015082807570977933 0.10725552050473183
1 0.38860410094637227 0.2902208201892744 0.031940063091482646 0.05678233438485808
