1 0.17877563091482648 0.7586750788643534 0.0399250788643533 0.10725552050473183
1 0.22180599369085172 0.7429022082018928 0.028391167192428988 0.1167192429022083
0 0.4547022870662461 0.529968454258675 0.05766955835962143 0.11356466876971616
0 0.522131309148265 0.5875394321766562 0.05589511041009459 0.1182965299684541
0 0.4600256309148265 0.415615141955836 0.04169952681388011 0.07413249211356472
0 0.46224369085173506 0.3186119873817035 0.021293375394321787 0.0441640378548896
0 0.4538150630914826 0.2744479495268139 0.02218059936908517 0.0441640378548896
0 0.49329652996845424 0.2862776025236593 0.04081230283911672 0.08675078864353314
1 0.5713722397476341 0.39037854889589907 0.02306782334384863 0.08044164037854891
1 0.6081920347003155 0.39589905362776023 0.027503943217665635 0.08517350157728706
1 0.38638604100946367 0.2917981072555205 0.01685725552050478 0.06940063091482652
