1 0.19607649842271294 0.7294952681388013 0.028391167192429023 0.1498422712933754
1 0.23688880126182965 0.7184542586750788 0.030165615141955798 0.12460567823343852
0 0.43917586750788645 0.7405362776025237 0.0798501577287066 0.20662460567823338
0 0.5358832807570978 0.886435331230284 0.0709779179810726 0.22712933753943218
0 0.4507097791798107 0.5094637223974763 0.04081230283911672 0.13249211356466872
0 0.4680106466876971 0.36198738170347 0.041699526813880186 0.0678233438485804
0 0.49906348580441645 0.30362776025236593 0.04524842271293373 0.14037854889589904
0 0.45603312302839116 0.305993690851735 0.03903785488958988 0.06940063091482652
1 0.39215299684542587 0.2902208201892744 0.014195583596214548 0.0851735015772871
1 0.5660488958990536 0.3919558359621451 0.02306782334384863 0.10252365930599368
1 0.6055303627760253 0.39274447949526814 0.018631703470031482 0.07255520504731862
