1 0.17966285488958988 0.745268138801262 0.050571766561514166 0.14037854889589912
1 0.22979100946372238 0.7523659305993692 0.03726340694006311 0.15772870662460575
1 0.5642744479495269 0.3911671924290221 0.028391167192429095 0.07570977917981075
1 0.6099664826498422 0.41246056782334384 0.036376182965299646 0.10252365930599368
1 0.3890477129337539 0.30362776025236593 0.01685725552050478 0.08990536277602526
0 0.5336652208201893 0.6916403785488958 0.06831624605678228 0.15930599369085172
0 0.450266167192429 0.6064668769716088 0.05944400630914828 0.1498422712933754
0 0.46002563091482657 0.45268138801261826 0.04524842271293373 0.10410094637223971
0 0.4626873028391168 0.3367507886435331 0.03815063091482649 0.04889589905362776
0 0.4964018138801262 0.29968454258675076 0.041699526813880186 0.11987381703470028
0 0.45647673501577285 0.2894321766561514 0.02572949526813872 0.03627760252365931
