0 0.535439668769716 0.861198738170347 0.09493296529968454 0.2334384858044163
0 0.4365141955835962 0.7129337539432177 0.07807570977917976 0.1766561514195584
1 0.19918178233438485 0.723186119873817 0.032827287066246026 0.12460567823343852
1 0.2302346214511041 0.7302839116719242 0.031052839116719255 0.15772870662460575
1 0.570041403785489 0.39511041009463727 0.02395504731861202 0.09936908517350161
1 0.6086356466876972 0.3943217665615142 0.024842271293375334 0.08517350157728715
0 0.4480481072555205 0.4842271293375394 0.04791009463722389 0.10725552050473183
0 0.4671234227129337 0.36435331230283907 0.03992507886435334 0.059936908517350174
0 0.4595820189274448 0.30126182965299686 0.03194006309148257 0.05678233438485801
0 0.4986198738170347 0.3004731861198738 0.042586750788643574 0.11829652996845422
1 0.39525828075709785 0.2902208201892745 0.032827287066246026 0.059936908517350174
